Graiugenum, 106.
Grammatloa, e, 11, 180.
0111101111, 116.
Grandiloquus, 109.
1111101111, 101.

0111111 compos, 000, 303, 000.
Habere fldem, 311.

0111111, 000.

011, 100, 300.

Haereo, 11, sum, 000, 083, 081.
01111, 111, 106.

Haereseon, 100.

01111111, 000.

111111, halex, 160.

0111 (Composito 111000.
Halys, 100.

0111111113.

Haud, haudquaquam, 100.
011111, 010.

011111, 180.

0111 100, 109, 033.

0111111, 091.

01111, 107, 100, 101, tos.
0111111000.

11011, 173.

11110111οο1, 019.

11111, 108.

lnam, 176.
11111,11111111,111,100,161,100,196.
111, ibidem, 310, 390, 100106.
1111111111, 117.

111, 010.

1111, 1111, 100.

10, 310, 370.

101, 173.

10 aetatis, 110.

1011, 110.

idem, 13, 110, 030, 310, 370, 373, 160.
1011, 107.

idololatria, 111.

ldolum, 067.

ldomeuoa, 100.
mQfflmfflm
1011, 100.

11111, 101.

111111, 107.
1111111,1111111,001, 017, 303.
11111, igniculus, 191, iss.
1111111, otus, 001, 011.

11, 110111,111.,13, 030.
1011,1111011,010, 010, aar.
10111, 100.

Ilion, os, 111110, 100, 186, 101, 001.
idonea, 100.

illabor, m.

lllao, 000.

1111111111, 11, 070, 013, 081.

INDEX vassorum Hostsstttttst.

Gratia, 303.

1111110111, grator, gratulor, 081, 000.
Gratus, 008.

Gregori, 060.

Grex, 170.

Η

Hercle, 100.

0111 111 irene, 101.

Hermagoras 11111, 100,183,107.
Hermus, 100.

01111, 187.

0111111111 101, 106, 100, 033, 037.
011,111,111,3,13,110,103,030, 100.
011, 100, 300.

Hieran, 160.

Hluo, 300.

Hippomanes, 160.

Hippotades, 010.

01111110, 000.

Hispal, 170, 101.

Histris, 107.

011, 010, 370,108.

’ sorte, 11111111.

0111 106.
Homeromastix, 170.

l

lllaquoo, 310.
ΜΆΜΜΜΜΜΜ
11111, 300. Ι

1111111, 011.

01111107.

1111, 111111, illuc, illorsum, 300.

1 rrrueeo, 111111.

lllud, 310.

llludo, 001, 079, 081, 000, 000.
lmbeoillls, imus, issimus, 100.
imber, 109, 101,103.

lmhuo, 010.

lmitor, 001, 300.

immemor, 101, 018.
11111111,009,003,001.
lmmodious, 010,

1111111111, 006.

lmmoror, 001.

111111111017, 061.
immurmuro, 080.

lmo 11 lmmo, 100, 107, 130, tsi.
1111110110, 106.

1111111111, 300.

t 1111111111.
l 1111111011,083,001.

lmpendo, 306.

111111111116.

1111111111, 003, 360.

1111111, 010. Α

lmpertio 11 impartio, or, 000, 001301.
11111111, egi, aetum, 011.

lmpleo, 000, 316.

lmplioo, 11111,11111,000, 310.

0111111, 171.
0101111, 176.
(laps, iphis, 187,167.
Gummi, 103.

Gurges, 160.

Ι Homicida, 111.

Homo, 130, 111.
Horrendum, 119.
Horren, 008, 009, 003.
Horridus, 000.

Horsum, 100, 399.
Hortor, 111, 110, 091, 310, 300.
Hospes, 130, 111, 100.
011111, 111.

Hue, 100, 091, 390.

Hui, 106, 000.

0111, 030.

Hujus, 000.

Humi, 309.

Humilis, ior, limus, 100.
Humor, 117.

Humus, 160, 330.
Hydrops, 100, 170.
Hymen, 101160, 191.

1111111079, 081, 080, 011.

lmporto, 011.

111111, 1111, 017,160, 1101.

111111111069, ¹

111111111091.

imprimis, 101.

imprudens, 017.

11111111, 111, 101.

lmus, 109.

11, 101, 001, 019, 083, 086, 000, 311,
333, 331, 300, 000, 081, 380, 100,

luanls, 017, 061.

inauditus, 007.

111111111, lui, 003.

lnoertus, 017.

lucessit. 080, 001, 000.

incesso, 100, 010,

incidit, 081.

lucido, 000, 013, 301, 100.

1111111, 300.

1111111111, 307 .

lnoommodo, 070, 001.

luorepo, 001, wll.

locabo, 1111,111ο,111.,001, 080, att-t.

luendo, udi, 1111010.

lnoultus, 009.

lnoumbo, 001, 079, 0030010811.

1111111111, 010.

incurro, 301.

1111111011, 100.

incuso, 000.

1111111,011,311.

 

