318 11101 11110101 1011111101.

1110, 399. 110100, 0000, 110. 111010131.
1110001, 0110, 113139. 1101100110, 191,117,111,181. 11111, 01101, 11110, 198111, 337, 331,
11101, 111. inquam, 93, 97,191. 399.
111100, 398. laquies, 97, 399. 11110,11111100010,1111010111,11110101ς,
11111011, 399. 1101110111. 381399.
1111011111. 1100110,117,333. 111-01100, 131. Ι
1111000189139. 1100110119. lumbum 01 intubus, 131.
Indignor, 183. 11000101, insequor, 191 1111111101, 191, 3114·
Indignus, 131. 110010,113,311. 101111Μ
1111010, 117. 1100110, 133. 11110, 311.
1111110001, 111011100111,119. 11001110,189,131. Inutilis, 139.
Indo, 311. insideo, 183 010000, 381. 1111110, 113, ³8⁴.
1110100100 molor, 110. 1111101111111·
1110100, m Insignibam, 91. Invigilo, m.
1001111001. 11110110. lavim, 111. 311.
11111000, 139, 189181, 311, 1111. 1101111110, 193191. 1110111111), 454·
induo, 313, 311. 1101010,117,131. 101111. 410.
1111011101,199. Ι1011111,133. 10110 01 us, 138.
1111110193. 11001010117, 3oe. ⁵ 1111111111, 440.
1111111111111011.),113. 110010117. 11111,13, 1111, 131, 311, 3111, 371.
1110010111. 11010100, 311. 3113-
11110000. 1101100111. 1111111101.111Ι
1110010011. maur, 103. 11011. 11111. 11·
11100110, 133. 11010110, 313, 117. 11, 119.
101010, 101. 11110010, 000. nascor, 171. 111.

¹ 1110101, 191. 11010,131. 1111101, issimus, 379.
111110,133. 1101110, 313. 1113411·
11130311. 11011οω0183, m. 1110, 189, 199.
1111111113). Ι1010110,117,333,363. 1111110110, 118·
1110,1111, 87, 191. 1101110,179, 183 110000. 1110110, 311.
11101110, 313. Ι10111,11111,81,189,181,183. 11111οο, 191.
11111, 11101101, 1111110, 199,111, 1101100, Μ. 1111000013, 91, 313.

3811. 31111· 110101110, 131. 10,13, 111, 139, 331, 333.

1111001111. Integer, 113. 1101010119.
1100111010, 1113181. 1110111000111. 1011100111317.
lugens, 110, 191, 193. 11101100, 193, 191, 1113191 1010, 10100, 189.
1111010311. 1110110,113. 10100, 399.
1131111υο, 113. Ι1101,111,131,133,137,183, 333, 333, 1010,13, 1111133.
1131110000, 113, 193. 339. 10101,111.
Ingrediar, 331. intercedo, 181. Isthmos, 113. -
1111101010, 113111. 1110101110, 311. 10110, istinc, istuc, 10101011, isumus.
11110100, 181, m 1110101110,131. 371, 399.
11110183, m. Interdico, 131, 183, 187, 319. 10111, 313.
1111111, 3911· 1110100181. 111,13,113,193,181.
Inimico, or, 1110. 11101001, 113, 171, 173, 173, 377. 110110, 311, 339.
1111010, 311, 381. 1110110000, 183181. 11010313.
Iniungo, 311. 111011000, 191. ltaque, 117.
11111110. 111, 1111111, 1111· 11101110101, atus, 111, 313. 1101, itineris 01 iteris, 181133, 131.
1111101, 119131. 1110110300οο, 91. 1111, 191.
1111101111. 1101110,000,010,011,10. 10101101.
11101110,1ο1,199. 111010111, 39, 189, 181. 11111,131.
1111111111, 4115- 11101νο110, m, 181. 1111, 93, 311.
1110, 111. 1111110100. 1110111·

J

10001. 111. 171. 10111, 101100. 0111111110, 11.
001001 0011110.,193,111. lovis, 197, 199. 1110193197.
1110111119· 11111,173,191,133. 110111111011,179.
11111101. ῃ1· Iubeo, ssi, 00111, 119, 319, 339. 11010, 138.

1111, 537· 11011110,133. 11001, 191.
suom. sunex‚141,u.⁴„ 0101111,101.
Jecur, 0110, 110110, 187, 138. 1111100000, 000019, 11, 91, 313. 1110110111
1111111, 131, 393. 111100, 333. Iuventus, 138.
1011, 1119. 1130111111 ρ1.111011,111,137, 199. 1110193.
lacinus, oris, 113. Jupiter, 197, 199. 1110111333.
10101101, 139. 1111111137.

 

