INDEX VERBORUM sollemnii.

9011100,100,101,319. 90111001, 111,115,191, 310. 901101110315.
901111, 100, 1631 90111011, 171. 90111100,195,190,193.
9011110, 100, 186, 331. Congruenter, 396. convive, 111.
9010115. 9010110, 11, 010, 113,111,331. 90011, 351.
9010101 compos, 113. 90111010, 310. , Coquo, 0011, 000110, 115.
90110111,1,173. Conjux, 111. 911, 160,195,196.
90111, 165. 901100100101. 90110, 111, tm.
comedim, 010 (00011097. 90100010, 101. 90010115. ·
Comedo, 36, 67,113,150. 90101101, 119. “ 901111, 171.
900010, 0111, 139. . conniveo, vi 01 11, 010, 118,110. 901111, 105.
90001,111,111. , 90111101, 30. 90101001, 171, 199.
comesum, 30. 900111100, 115. cornu, 190133.
900011, 151. 901001,170. 901011, 5111, ct 000001, 113109.
Cominus, 399. 90101,191. 90111010,101,190.
90011110, 155. conqueror, 191. 901101,175.
9001101, 115, 191, 316. conquinisce, 01011111. Corvus, 178.
commendatior, issimus, 169, 370. 9011110101. 901, 101, 191.
90000110, 190, 390, 303. 90110111, 113, 153. 901101 01001111, 106.
9011001101,191. 901100101, 115, 111,191. 90101111, 137, 139.
9011001001, 191. 9010100001153. coxendix, 167.
9011011110, 178. 90110000, 179, 133, 181, 331. 9111, 115.
90001111001, 119, 191. consequens, 171. 9111111100.
900111110309. 901100101115, 111, 191, crater, 0111, 193,160,196.
9000010010 010110, 179, 181, 135, 9011010 (01010111, 01110116. 910110, 131.

301, 309. , 9011010 (100110), 011, 1110116. 91010, 116, 303, 350.
commoneo, 011010, 301, 313, 311. 9001010111, 183. 910111, 1111, 167.
90000111, osset, 19, 51. 901101111173. 91000, 111111,1110,101, 115.
90001011, 117. consideratus, 366, 370. Crimen, 190, 197, 198.
9000110, 316. 90110101, 111, 115, 191, 310. 91101101, 196, 318.
9000, 011, 0110, 115. 900100101, 171. crystallus 01 00, 100.
9000110195. 9011011, 191, 117. Cunetio, 1111, 1101, 101.
9000110, 331. conspicio, 111. 9110, 11, 101.
comperio, 118. conspicor, 115, 101. cucumer 0111, 159, 101139, 191.
900001111307. 9011111131, 131. 9110 (00,), 153.
compesco, 118,111. 9011111101, 151. 9110 (cerci, 113.
9000001131131. 901110, 106, 189, 311. 911, 16, 130, 531, 531. .
compingo, egi, 10110, 111. 90110000, 130. 9110010011. cuicuimodi, 10.
9000100101,115,111,316. 901110100,133,181,117. cuilibet, 011010,011111,130.531. ,.
compleo, 011, 0110, 109, 316. 901111, 139. cujus3 us, 1, 11016, 106, 107,133,
9001010111, 115. 9011110,115,179, 283, 307, 318. 173.
complice, 105. 90011110,131. 90100190.
9000111,1111,193. 901111111, 30. 910 (0011100110),11, 11.
compos, 117, 169, 503. 90110001000110100101, 111191, 316, 910 (propositio), 111, 101, m, 115,
9011010001), 111,101,133,331. 113. 117, 113, 310, 356, 381, 330.
9010010111, 308. contemptricem. 910110, 316.
concessit, 111. 90010110,113, 136, 317,117. 9110111, 100.

90101100 0110, ffl- 901100111,101,366. cuniculus, 173.

- 1010155. conterminus, 153. 910110176.
9010110115. 901101101,191. , 9101110113, 353.
901010, 111. conticeo, 103. ’ 91010111, 350.
concitus, 151. 9001110110111, 171, 191. cupressus, 110, 176.

concluditur, 113. Contineo, 319. 911, 11, 115, 196.
9010010119. Contingit, 111, 131, m. 9111, 331.

9010011, qen. dis, 158. 900111,111,335, 390, 191. 91110111, 113.
90101110, Μ. 900100110οὢ1. 91111101, 111, 311.
90110010, Μ 01 coqu. 90100101111,01, 11, 161. 91110, 101,115,11 1.
condiscipulus, 173. 9001111, 150. 911110, 190.

90110, 103. 90111001,191. 9111111, 311.
90111011,131,131. . 9011110100110. 91110116.
Conduco, 319, 311. 9001011011, 171. cutio 1010111010, 111.
contero, 116, 331. convenienter, 396. 9001001,111,170.
9011011,Β1,131. Convenit, 131. 90010117.

conlido, 133, 131, 310. 90110110, 116. cyprus, 115.
9011111, 113. convertor, 116. 91110101, 110.

 

