542

Boni, 307.

901111, 1119, 109.
Bootes, 109.

9011111, 111,193,169.
crarium, 110.

cacoethes, 169.

61111, 991, 991.

6110, occidi, 011111, 1110111101, 900,
913, 999.

611111, 196.

611111, 010111, 01011111ωο10, 900,

6111111, 196.

6011, tie, 179, 191.

6101011, um, 933, 970.

611, 139,

6111, 567.

calcar, 011. 1, 191.

611010, 315.

calche, 110. 0, 199199.

Calchas, antis, 197, 199, 1991901111.

Caietae 11 1101, 99.

6110111010, 99, 900, 971,

611οο,11,11111;111100,116,909.

6110111, 99.

61111, 11,170,167.

61111111, 917.

61111010,011,119,191, 195, 193, 191.

Callis, 163.

61111110,11,197.

calumnior, 113, 191, 991.

6111, 173.

6111110, 111. 11, 0111, ccc. o, 161,199,

cambio, 111 011 hsi, 919.

6111111011. i, 163,191.

cancer, 199, 179.

611111, 100, 161.

6111, orum, 197.

Canis, 111.

cannabis, 011. 111 1, 191.

6110, cecini, cantum, 11 compos, 900,

61111,919.

Capenas, atis, 11133113.

capesso, 1111, situm, 116, 916.

61110 1110111100, 900, 911.

Cappadox, 170.

Capricornus, i, 191.

61111191.

6111111001. 11. 01, 195.

611111, 961.

61111 (Composito 11), 109

61111, 111, 197, 199, 503.

61111111, nom. 11. 1, 161, 197 .

61110163.

6110 (ο), 111, issime, 191, 319, 313.

6110111, 11111906, 999, 391, 196.

61101161.

Cares, 170. .

caritas, 391.

6110, 11101111, 133, 199, 319.

INDEX vultuosus( uouiurciutt.

1111111101, 111110, 191.
Brito, 0111169.

Bubo, 1731711.

Bubus, 193.

Buris, 000111, 199.

6

Cogno. mi, ptum, u compo, 900.

carpophorus, 161.

61111111, ntis, 11.

cassis, 163.

6111119111.

6111110, 996.

611111, 1113.

61111, 333, 391.

6111111011, tes, 160.

611111, 366.

6110, 191.

61100, 0111, cautum caveto, 910, 970,
600111 0 0110 1111011110.
6001111, 991.

600111, teo.

6001011111, 311.

60010111, 1111, 919.

60111, 991.

Cedo (11111110), 97, 109197. “
6111, cessi, cessum, 913, wc, 991,
993, 969, 331.

61110, 913.

(111, 313, 311.

60101,170, 170,

6011111913. ,
celtiber, celtiberus, 161, 196.
cenchris, is 011 1111, 163.

601100, 11, 0111111,909, 3110.

Centies, 193, 191.

centimanus, i, ici.

centussis, 163.

60111, 1111, 161.

6010011170.

61101199.

60110010110011010, 119, 199, 9111.

60110, 191.

Certiorem 11010, 917.

60110,996,196,197. ’

conus, 917, 3110.

cespes, 109.

60111111, 190.

61110330.

6010 a Κήτεα, 139191, 191.

chalybs, 169167.

chaos, 161, 301.

charybdis, 197, 199, 191.

Cherubim, 1167.

chlamys, 197, 190, 161.

6101111167.

610101, 0101011, 110, oct.

6110101111 0111; ooo. 1, 199197,

1 110, 111.
Chytropus, 109.

Ι 610011101011, 131, 139.

g Ciceromastix, 170.

Busiris, idos, 199.
911111, 117.
91111111, 199.
Bycen, 160.

6100, 0111, 0111119119.

61111,107.

Cimmerion, 193, 191.

cingo, 313.

61111, 103.

(101,οί101111, 0110011, 191, π, 310,
116, 669.

6110111110, 1111.

circumdatum, 1911.

611011110,906,171.

circumfluo, 999.

circumsero, 1111111111 111111119111

Circumspcctus, 366.

cis, 191, 395.

61111, 109.

6110, 197.

(Ἣ citerior, citimus, 109, 191, 3111.

611111111.

61111111, 191.

6111119111, 190.

611101, ium,um, 199191.

61111, 191, :m

Classis, 191.

611110 111 01110, 11, sum, 11 compos,

611111, 199.

cleopatra, 510.

cliens, 111,

6111111,163.

6110, us, 197 , iiic.

6110,911.

(101100, 11, itum, 901.

coarguo, 9911.

coccyx, 170, 167.

codes, 139, 111.

coelestis, 191.

coenaturio, 110, 903.

(11111111, 907, 366.

coemo, 901,319.

6010901.

(101111,111,111,111,111,111.

coepit, 390, 191.

6110111111, 0111111, 911, 911.

6001000, 11, itum, 919.

cognatus, 979.

cognitus, um, 367, 199.

60110100,901,919,391.

6010,901,911,390,116.

6010101901, 119.

cohibeo, 319136.

Cohors, tis, 199.

60101101, 991,

60111, ici.

6010111, 1111, cto.

Coiiibet, 991.

6011110113.

 

