Utilis, 858.
Utinam, 38185.

71111, 818, 888, mi.
7111, 879, 881, 889.
711111, 817, 861, 861.
vado, 118, 188, 868, 813.
7111111111.

7111 186,169.

vagor, 335.

711 1 188196.

711111, 161, 185.“

7111, 185.

Valeo, itt, 888, 318.
7111111568. “
validus, 818.

vangiones, 163.
Vaniloquus, 168.

711111, 165.

vapulans, 111111, 186.
7111111111361.

7111111, 871, 387.

varix, 176, 167.

711, 111111,138, 198,165.
711, 11111, 161, 191, 198165.
71111111, 168.

711111, 866.

71111, tii.
QQQM
711111, 163, 181.
vectores, 168.
Vehemens, 181, 355.
Vehementer, 185, 875, 161.
veho, 815.

7111111, 191.

71111, 11, 16, 13, 568.
71111, 815.

vendo, 866, 318.
71116111, 158.

veneo, 818, 871, 381, 318.
Veneror, 111, 115, 831.
71111, 818, 811.

71111 11 11111111,881,368.
Venter, 188.

7111111361.

venundo, 866, 318, 171.
7111111168.

INDEX 1111011110111111111.

Ut 111 (11111119.
Ut 11, 11 111, 11, 113, 136.

V

mmmm

verber, 158.

verberor, 871.

7111111111155.

Vereor, 1111 sum, itum, 111, 115, 818,
891, 368, 388113.

vergo, 118, 868.

71111111 11 veritus, 88, 113, 881.

vermis, 163.

71111, 118, 158.

Vero, 187, itt.

711111, 138.

verro, 816.

versicolor, 113.

711111 (propos), 181, 385, 361.

verto, 817, 318.

7111, 181.

vervex, 137, 166.

vescendo 1111, 357.

vescor, 115, 118, 888, 888, wi,

711111, 11, 116, 371, 375, 378, 381.

Vestio, 315.

Vestra (interest), 873, 377.

Vestra 1111111377.

Vestras, 11, 116, 133.

Vestri, 351, 375, 376, 377, 378, 336,

Vestrum, 371, 375, 377, 378.

vestrum est, 871.

71111,11111111,168.

7111, 11111111, 1111111111111, 861.

71111, eris, 168.

711, 188, 335.

71111111, 176167.

vicies, 181.

7111111, 888.

Victrix, 176, itti.

711111 (part), 360. ’

7111, itt, 185.

Videlicet, 159.

Viden, 188161.

Video, 166, 868, 356.

Videor, 818, 358115.

videret, 538.

Ζ

¹ 8111111,115,178.
7113111111 8111111111, 156.

559

Ι 61111111111,111,181,819,888,891,386.
Utrinque, utrobique, utroque, 398. ·

Videris, videro, 61.

Videtur, 883, 818, 138.

Viduo, 316.

7111111861.

7111, 111, 11111866.

71111111, 163.

7131111311 et 1, 139,111,191.

vigilantius, vigiletur, 186.

711111, ssime, 185, 318, 313.

711111, 818.

71111, iii.

711111,111. '

virgili, 568.

71111171.

Virus, 167.

711, 111, 353, 568.

711 (a reio), 568.

Viso, 816.

71111 (11111886.

vitupero, 896.

Vivitur, 98, 115, 383.

7111, 817, 888, 883.

7111111, 171.

vocor, 838.

volito, 116.

mmffimffimmm

7111111111, 181.

7111111111, 1, 9111111111, 111176,
198,111, 516.

volutabrum, 151.

71111191.

71111,1111, 171.

71111, w, 817.

711111, 176.

71111111, 381.

vomis, 163.

71111815.

711, 13, ffl.

Vulgo, 388.

Vulgus, 171.

711111,116,178, 181.

Vultur, 166, 177.

 

