566 116111 1111661611 1611111161.

81116 (6611661111 er), 166. secubo, 161. 81111361.
saltum, 111, 8661113611, 111, 381. 816161611111611, iss.
8111661,6111,616. 61,,61 11 11, errimus, 86616361, 163, 163. 816366,156, 168.
1111193. Securis, 616. 111, 189. 8166111386.
81161, 168, 366. Securus, 118, 161. 8163111611, 139.
811111116113. 86661, 111, 113, 385, 168. singulariter, aris, 5, 131.
811161111616, 97. sedeo, 1631, sessum, 6166111661, 166. singuli, 166, 168, 318.
81611111, 116. 169,171. 8163111116, 111661, 118.
samnis, 167 . 86361 (611611),131. sinister, 61161, 11111161, 169.
8161111161,311.61.1611,161. 863616, 187. 8161111611661,399.
816616, 11, 61616 et 6111161, 113. 863611, 355. 8166,1111,111661,115.
sandyx, 176. 86361161, 113. sinuatus, 339.
8116, 115, 161. 861136, 153. Siquidem, 111166.
81116161, 168. 8611611111. Siquis, siqua, siquo, 17, 399, 116.
81616111, 1111, 616,116111,111616611., semianimis, 531. 81161, 133.
118, 111,166,111. 8611116616, semisopitus, sm. 81116116), 661.
8111, 81111367. 8661161, 116191. 811 (pronum), 371, 375, 377.
8116611111, sartum, 118. senatusconsultum, 179. 811 61611111, 81.
sardis, 193. Senium, 131. 81161, 139.
81136631,161161,173. Senones, 168. 81116, stili, 1111611117.
81111111, 181, 137. Sensus, 6, 131, 191. 8111661, 36.
811611111,1311, liis. 866116, 11, 1661,118. sitimus, 111.
811 pro suas, 313. 861111, 133. 81161,111611,131.
811, satis, 113, 393, 119. seorsum, 115, 531. 8116117.
811136, 631, 118, 191, 173. separatim, 113. 86111336111111,166,117.
Satio, 316. sepelio, 111, sepultum, 118. smilax, 176, 165.
8111136, 3631, datum, 166. 8161611611 1111ρί11, sepium, 118. soccus, 133.
8111111616, 186181. 8661, pm. 611611, 16, 191, 133. Sosius, 173.
8111111, 6161, 111, 151. 8661611661,661. 1, 191. 86611161, 661. 6,181,196.
81116166. septunx, 176. 8631111, 661. 611 1,191.
8111116, 316. sequendus, 117. 86361 prosi 16361, 81.
81111, 6111,171,191. · 861661,16661111611,119,171,131. 8636611,171.
861116, 1, 616,118,111. ser, 163. sollertiae, 161.
scalpo, psi, ptum, et compos, 166, ε,8611611111331 861661666661116,616,116,171,331.
116. 11166311. 336.
scandix, 176, 137. 861616, 5. 861116 (mulius), 178.
861636 61 compos, 118, 111,166,113. 8616, 116. 86111161, 111.
scateo, 139. 8616187. 8611666611661, 131.
86116116, 193. serpens, 171,196. 86166138.
Scelus, 131. 861116, 661, 116611,186,181. 86161, 191.
Scibam, 161116, 16161191. 8611116, 1611116166161111111, 91, 311. 861616, 116.
86131, 119. 8611616661,196,111,119. 861111, 9, 199, 119, 371, 376, 377, 379.
861661, 333, 369. 866117. 86116636 6616116, 336.
8616661136. 861131611,181. 86116, 16111, solutum, 19,117, 313,
8616“,191. sexus, 167. 316.
scindo, scidi, 16111611,113,119, 81,11,36,1161113.111,117. 86611361,116161,111.
8616, 166, 318. Sibi, 381, 186. sonipes, 199, 366.
Scipiades, 181, 351. sibila, us, 191. 8616, 11, 11616, atio, 161, 191.
sciscitor, scitor, 191, 317. 816, 39,166,196. Sophia, 116.
86116611,1311, 516. Sicelis, 1311, salt Sophistes, 183.
. Scitum, 111. sicubi, 1166636, 399. 86616,1661161,155.
8611611336, 369. 81661, 1161111116, 183. 86661, 131.
86616166, 191. 8136, 118113. 8611616, nbi. 6, 191.
scriba, 136. 81366, 133. sorbeo, ui, ere; 11611, 61161, 118, 111.
scribo, psi, 611116, 111, 316, 111. 8136111,1311,516. 163.
- scriptito, 116. 81611, 79. 861116,611116,111, 111.
861661, 171,116. 8136166611 61, 111, 363. 8611, 139.
scrutor, 191, 81166, 118. 86111, 181.
sculpo, 166. siler, 116. 861661, pen. itis, 113.
8611111,139,111. silex, 175. 8611111111, 163.
scyphus, 136. 811136, 311. 861311,176.
86, 381, 131, 8111161616 1111111331. 861136, 11, 1661, 11 compca, 163, 111.
86 (616661.),111,137. 81161111, limus, 169, 117, 117. 8666161,61,366.61.6161111611. pi.
8661116 661 166116, 191. 8161611, 66111, 661. 61, 187, 196, 363. ebusi 193.
secaturus, 111. 816166,138. 866616, 16161611 1661661.,116,111.
, 8666,11,111,6611161,161,166. 8116611131. Spectatus, 367.
866161, 161. Simulacrum, 151. speculis, 194-

 

