· E, ex (01110), 184, 800, 801, 831, 880,
ΜΜΜΜΜΜ

8111101111131100,483, 338.

8111111, 133.

Ebur, oris, 110.

Ecastor, 183.

8001, 10180308.

8001111, ecquisnam, 17.

81111, 818.

811101 010 edle, 80.

’81111111 3018.

Edim 010 11110, 40, 07.

Edo, 70, 80, 813.

8110010, 313, 311.

81001110, 801.

811000, 81.

8111110, 07.

811110, 810.

81801101, 310.

8181110, 88, 80, 811.

81013110, 317.

8111113111, 0, 810, 338.

8000110, 801.

83101101, 370.

8300111817.

8310, 818, 800, 880, 800, 381.

831101, 00, 384.

83013, 110, 133, 888, 187.

83110101, 381.

83103101, 101, 1111001, 100183, 818.

8110181.

80111110, 13.

80338.

8111881188.

8110108111, 380381.

811131101, 380.

8113101, 101.

8103101111, 181.

8113110110.

8111100, 300.

81101101οῑ01, 101, 178.

81111, 110401.

811110, 800, 811.

81001101, 801.

8011111111, 103.

80001101, 113, 801, 388.

801130, 384.

8011101, 801.

80100, 803.

801310, 381.

8101010, 118, 800, 181.

801101, 300.

801110, 381.

Emmanuel, 471.

800 11 00111001, 800, 813310 318.

80010110, 803.

8011030, 310.

Eueno, 801.

8010181.

801101, 810.

1101 (00011010), 83

innuit vliunonult norlnlllull.

· E

Ensis, 103.

Eo lado-l, 391, 390, 100

80 (01111), 78, 00.

Eodem (000), 378, 300, 338.
801311001100, 108, 103.
8001, 101.

Equo, 183.

Eques, 130, 111, 100.
Equidem, 187.

Erectus, 300.

8110111, 100.

8131, 181, 383.

8130187, 303, 187.

811010, 310, 380381.

8111, 170.

Erotion, 101.

8111101, 180.

81111110, 313, 314.

8111111111, 310.

Erulum, ffl, 131.
Erymanthio, idos, 181, 188.
8130110111, ldis, 310.

Eryx, 170, 107.
8011111101, estote, esse, 87, 300.
8111, 83, 78, 70, 311, 313, 317.
81110111, 0, 00, 83.
811,113,811,878,871.
81101, 87.

8100, 70, 80.

810110, 110, 188, 803.
81, 181, 110, 308.
Etenim, 187.

81110, 183, 481.
8111010118.

8111, 187, 111.
8130010311, 110.
8030180.

Euphrates, 10, 401.
Euripides, 180180.
8111, 181.

Evenit, 881, 881.
811110, 310.
8113111101, andus, 180.
Evigilo, 381.

81000, 381.

81010, 381.
8101110337. ,
8110111100, 301, 308.
Emisenos, 383.
81011010, 313.
8101110, 384.
Excellens, 101.
8101110, 118, 813, 881, 883.
81011101, 813.
Excldo, 133.

8101110, 800, 181.
81010, 800.

8101101, 431.

81011110, 801.

81011110, 0111, usum, 813.
81011110, 818.

8101110, 800, 300.

81011110, 800, 811.

8110101, 113, 181, 801.
Exeo, 00, 81.

8111010, 1101, 818.

81110, 810.

81111 pro exedit, 87 .
81310110, 310.

81111310, 800308.

Exhortor, 801.

81130, 800, 313, ,317,
8113001, 0111110001θο
Exinde, 301, 308.

Existimo, 303, 330.

Exitus, 131.

Exoleo, 810.

8100110, 310.

Exordior, 113, 801.

81010, 317, 318.

Eros, 301.

8101111, 01, 308.

Expedio, 11110310, 333, 480.
Expedit, 818, 888, 881.
Expello, 380, 381.
8101131000, 130.
81011311001, 810. ,
Experior, erius, llll, 380, iffi.
Expers, 817, 801.

8101111110, 110.

810110, 800, 310.
8101100,11110,1100, loll, 308.
Exploratus, 307.

810000, 308.

8101130111111, 01, ott.
8100030, 814.

81101110, 800181.
8111031111, 181.

Exsoquor 011 exequor, 801.
8110110, 310.

81101010, 01, 111, 808.

. 811011, 108, 817.

Exspes, 107.

81110, 800.

Extendo, 808, 813.

81110101 11 1111, 813.

81111, 100, 180.

81110300, 811.

81110110,80, 38, 330.

81101111, 801, 801.

81111, 11101, 1001 11 11111001, 100,
181, 383, 300, 300.

Extremum, 813, 833.

Extrinsecus, 80.

8110111, 130.

81101110, 381.

81011110, 880.

8101, 130, 111.

811110, 381.

81011110, 880.

81110, 313, 381.

 

