91, 97.

91111176.

9111111101, 379.

91111001, 1100111101.,199,19511110.
9111111191.

Daphnis, 000.1,199,196.
Dardanis, ides, re, 511551.
Dares, is, 091, 191.

9111111119.

9111111151.

91111,167,199.

90 (propositio), 111, 1111711911,
199,197,391,311,319,319,3ὒ,355,
fflmffimffl
901,191,193.

Debeo, 19, eto, 371.
becapolis, 197.
90011110,111,331.
December, bris, 191, 193.
900011,171.
9000110,115,356.
90001, 195, 191.

Decies, 111.
9001111,391.

Decor, 1111ωο1001, 113169.
9001191191.
9001111111. ⁸
90011111111, 311.
Dedecet, 191.
90110001,113,199.
906011111175, 513.
Dedi, 119.

Dedo, 399.

Deduc, 99.

· 900110,157,531.
9011111001, (1010111001, 119.
90101110, 113.
9010111911, 197.
9091111191, 195.

9091, (10901197.
9011101191.
90110101,191,191. ·
Dego, 1191119111.
9011110,391,531.
9011101157.

901, 911, 61, 195, 199, 531
9011, Deinceps, deinde, 115, 531, 561.
ponpeium.

901010, 199191.

9011011391.

celumensis.

90100111, 191.

90100101, 199, 319.
90101,195,1911.
mmmfflfflffifflm
90111010,119.

90101191.

9011001191

90110901, 191, 319.

9011011111, 115.

90111101,191.

90111115.

90110901, 115, 111 , 191.
9011011110, 399.

· 9019111155.

91001, 139.

innux 111111011111110111111111.

D

Demoror, 191.

90111111, 531.

9011 11 compos, 169.
Deorsum, sursum, 391, 399, 531.
Depncisoor, depactus sum, 119.
Depeculor, 115191.

Depelle, 381.

Depopulor, 115, 191, 319.
Deprecor, 191, 317.

Derepente, 391.

9011010116.

90101110, 191.

9011101111, 391.

Desidere, 359.

901110, 359.

Desipio, 111.

Despectus, 967.

9011100191, wi, m
nesebite, 391.

Desum, 96, 1991111.

Deterior, 11111119).
90101100, 319.

Detestor, 115,111,191.
90111110, 179, 191, wll, 1911391.
90111110, 391.

Deturbo, 391.

901111, 179.

9011 (ol, occ, 195.

Devius, 119.

Dexo, Dexon, 199.

Dexter, 01101, umus, 199, 196.
Dextrorsum, 399.

9101611, 111, 199, 191, 157.
9111001101, es, 191.
9111101101, 199.

910, 11100, 99, ei, 199.
91001111,116.

Dicerem (ilaec 90611 quael, 37.
Dico, 111, 369.

91011110, 193.

Dictus, 116.

9101, 7, 111, 171, 195.
919010, 116.

¹ 91190191,1ο1,111111111,355.

9119110,1111, 191, 191, 155.
91911001, 191.

1111910, 189.

91911110, 191.

9131011111, 115, 111,191, 319, 319.
Dignus, 191, ato.

Dllnrgior, 115, 191.

Dilectus, 397 .

Diligens, 191.

Diligo, 111,111.

111110, 11, 111,11111, 195, 111.
91110901, 115, 319.
9111101111, utum, 195.
9111101111, 117,

Dloecesls, 191.

Diphthongus, 169.

Diplomn, 193.

9111110, 151.

Diruo, ul, 11111111, 151.

Qfflfflm

Discnloeo, 315.

9901111315.

Disciplina, 353.

Disco, 119, 111,111, 319, 359.

91101ορ0, 11191.

9110111190, 11,11111,191,191.

91101110, 1111, 1111111111.

91101111,399,15“1.

91111010, 191.

9111111,199.

9110111101191.

Dlspesco, 119, 111.

911011001179, 181.

Disrnro, 161.

Dissentio, 191.

9111010 (utroque significatione), 116.

Dissideo, 191,196.

9111111191,101,111111111,117.

91110110, titi, 539.

91111190, 311.

91101110, 311.

Diversus, 193.

Dives, 113, 117,191,199

9111110113.

Dixti, 19.

110 (componimur), 161, 199111399,
311, 331, 119, 171, 197.

90303, doceor, 71, 73, 199, 313, 311,

Docilllmus, 199.

9001111353.

9001111117, 359, 369.

90100, 199, 199, 179.

Dolet, 191, 191.

Dolops, 179.

90101, 199.

90111110, 1110,191.

Domi, 319.

Demiror, atus, 115, Μ.

Dominus, 1.

Domitor, 191.

Domo (1191), 313.

9011111, 111,191.

Domus, 11, 195, 331, 333.

90100, 199.

9010, 311.

90 operam ut, 91, 93.

9011111111,99, 311, 315.

90109101, Dorotheus, 116.

901,161,191.

Dropux, 165.

9111191601, 551, 533.

Dubius, 119.

910, duce, 99199.

Duco, 111, 393, eut, 3l2·

Duim, pro dem 0111 dederim, 16,97.

Dum, dummodo, 11187.

Dumus, 116.

Duo, Η,1ω, 179, ³7⁴, ⁴8⁷·

Duplicc, ns, 195.

Durus, toe.

Dux, 111,171.

 

