INDEX VERBORUM NOTABILIUM

—-—-·-.. -----—--——

A

A, ab, 130, 121, 231, 233, 33, 317, Accidit, 31, 31. 13103100, 311.

319, 321, 323, 323, 327, 333, 333, 10010101, 313. 1310030311.

333, 331, 383, 388, 133, 137. Accio, 239. Adiciatur, 123.
1313311, 133. Accipio, 231, 319. 1311110, 01010, 233.
13111000, 319. 10011010, 283, 231. 1311101101, 291, 311.
Abantiades, 331. 1000100031310, 239. 131010100101, 113.
1311, 133. 10010000, 283, 231. 13011101, 113,121,231, 333.
133100, 313. 100031110, 1110, 231. 1310100οο, 311.
133111 01003110, titt. Accubo, accumbo, ui, itum, 231, 33, 1301111101, 337.
133000, 319, 381. 31. Admodum, 131.
1301, 337. 100000, 293 01 100. 13100000, 331, 313, 311. ,
1300, iturum 0000, 93, 33. 1101, 0110, 010111. es 01 10, 13, 133. Admoveo, 311.
Abhinc, 337. Acer, 0110, 113,137, 133. 13010001, 283, 31.
Abies, 0110, 1011300, 131010, 199, 339. Achab, 139. 130110, 31.
1311111, 181, 337. 103111010, 01300, 332. 1301101, 11110, 1000 0010, 83, 219, 113.
1310101003193, 337. Achilles, 000. 0,182, 133, 193, 183, 1300, 31,
131011, 337. 332. 130100, 011,130111110; 0000, 213,
1311010,001;131010,113,333. 103111000,1,1110,133,113. Adolescens, 111. “
13310110, 233. 1031111300, 333, 332. 1301, 133, 139.
1111110, 113. 1010100110, 133, 133. 1301101, 113, 291,
130100, 01111001, 010000, 213. 1011010100, 31. 131101100333. ·
1110011001, 113, 121, 291, 323, Acragas, 173. 13111, 131.
131130, 319. 10110101, 000, 0011300, 333. 13010, 332.
13113111, 10, 11111 01 110131. 1011101, 123. 1300110, 231.
Abripio, 319. 101110, 113. 1301100101, 279, 31.
1300131, 119. 101011300, 331. 13010, 231.
13000030, 00031, 3111110, too. 1000, 0110, 1, 00133, 191. 130101, 83, 283, 281.
130000, 81, 121. 13, 121, 231, 239, 273, 279, 33, 283, 130101, 113, 279, 31, 33.
1300010 00310123. 311, 333, 333, 331, 383113, 133. 131001, 111, 112.
13010131100, 132. “ 13110, ae, 13101110,131. 131010111301, 193.
1300110, 293, 297, 299. 1310110, 131. 13101101, 233.
1310000, 233. 133100, 311, 312. 1310100111 0113101000,121,333.
13001300, 01, 010, 233. 1330, 311. 1311011133.
Absque, 121, 383. 133000, 89. 3101300, 311, 319, 333.
1301011οο, 11, cum, 239. 13030, 031, 000111, 213. 3301101, 123.
1301011οο, 319. 13013101, 91. 331300, 271. ⁴
13011000, 313, 319, 127. 130100, 311, 331110, abl. i, 133, 191.
13111130, 319. 1300, 93, 381. 13300, 133.
1301110, 93, 81, 121, 283, 31, 33. 1300, 133, 187, 332. 30100, ooo. 1, 133.
130030, 393119. Adeps, 171. 3011101300, 10, 332.
130030, 39. 1300111031. 30101, 00010132, 191.
13000110, 391. 1301333. Aigyptos, 113.
13110110, 113. 13110010, 283. 3100101, 291.
130101,113,291. 1331100, 31, 233. 3001,182,132,133.
Abydon 01 Abydos, 113, 183. 1331110000, 31, 233. 300130, 11111,193,313.
13111111, 133. Adhibeo 33011, 311. 3001300, 1300, 317, 332.
10, 127. 13301101, 113. 30010, ae, 10,182,193, 197.
1ωο30 1131, 279, 31, 397. 131010, 213, 311. 1300101300, 113, 332.
Accedit, 232. 1311110001, adeptus 0001, 113, 121, 219, 3011300, 313, 332.
1ωο111110, 337. 31, 323, 333. 30110, 311.
1000100 0110, 113, 213, 283. 1311000, 233. 31101110, 238.
1001110110, 171. 1311010, 131110, 311, 113. 311111 bonique, 3371Δ

 

