’ runnu vunnonuu 0011011100.

Kanobikon, 156.

11101,110000,0001, 119.
Laboro, 1100, 81, 118, 189.
Laburnum, 117.

110, 198.

1100000, 111, 11000 01 11000010, 116,
110100, coc. c; is, 0110, 181, 187, 188,
11010, 010, 01 compos, 188.
11010010 0111011100,131.
11010 (compositu 00), 188.
11000, us, 011. 1110181171,
1111100000. 00, 181.
Laertiades, 118..

1011οο1 compos, 188, 113.
Laetor, 189, 318, 318.
1100010010, 399.

1100000, 188,111.

111010, 118, 111.
1110000187.

1101011101,181.

Lampas, adis, 188.

11111011, 139.

Laodicea, 118.
Laomedontiades, 111.
1101110000, 118.

11010, 113.
mssmfflm
1110101, 111, 388.

11101100, 115, 318.
1110110117.

11111,117.

1110, 11110187, 188.

111011, 178.

11001, 119.

1110110111.

Lateo 010010000.,188, 188,113,188.
1110101, 111.

11100,178.

1110101110, 001 idos, ides, 111, 111,
Latonas, 181.

111111, 118.

Latro, 139,111.

11100, 119.

1100110, 0010188.
1100111110, 191.
11011001, 111, 111, m.
1111011010, 80, 81.
lmus, 11110111.
11010, 18), 1111, 111111.
1101110001, 111.

Κ

1

Laudo, 1101100388.

Lavacrum, 111.

11001, 159.

1100, anteriori lavavi, lautum 001
lavatum, 11181, 187.

10100181.

1001110111.

10001100, too.

1000 (Composito 010),1001, 1001011071,
180111.

10001, 71.

100001001,179,181.

1000, dis, tis, 187.

Lepus, 0110, 139,188, 178,189.

Lesbon, Lesbos, 1111186.

101010 01 lethum, 131.

Leucopetra, 1111.

1000, 311.

101,111.

1110000116.

1110110111, 191.

11101, iustos.

Liberalis, 117.

111010199, 318.

Liberum, 198,119.

11101, 011 0111001 001, 1110110171,
111, 181.

11101010,00;000. 0, 181, 1811.

Libys, 183.

Libystis, 118.

11000, 01, 1101, 181, 119, 317, 311.

11001 (coni), 11, 111.

11001(0001.), uit, itum 001, 99,111,
mmmmm

1101001117.

11010 (Composito 00),111.

1101101110, 111, 118.

1100117.

11001, obi. i, 188,191.

1100113.

1100110183.

1101011011,117.

111011,171.

1101001111.

11000, 11, 01010111.

Μ

1110001, 188.

1110100, 181.

111001, 383, 388.

1110111 (roien), 171.

Magnificus, centior, certissimus, 181).
1110011000υο, 189.

111010, 111,.111.

Lingones, 188.

1100, 11111011, 1110110111, 111.

Linque, liqui, 1101001, 118,111, 115.

110101, 001001. 10110176, 191.

1100011010, 80, 88, 119.

Liquet, 181, 181.

Liquor, 118, 181.

1101110, oen. pl. itium, 00001. es ct
meffl

Litania, 118.

111011 01111011, 131.

111100110100, 188.

111100 01 litus, 131.

111010(0011.),111.

11000, 11, 0010118118.

1111, 139.

1000, 311.

Locuples, 000. pi. 10100111, 113, 188,

10000, 1000100, 391. 399, 188.

Longus, 188.

Loquor, locutus sum, 119, 191, 388.

101, 189.

10011, 118181.

Lucco, 0110010, 118, 189.

Lucerna, 111.

1001111010, 001, 188.

Lucror, 191.

Luctum, ffl.

Lucus, 188.

11018001, 191.

Luditur, 311.

Ludo, si, sum, 118.

10000,1011,118, 111, 118, 189.

100111110118, 118.

1011, 139.

100, 01, 010, 118, 111.

Lutum, 197.

Lux, 171.

Lybie, iffi.

1000101100118. ’

1011, 010, oen. 01. 010178, 176, 187

1110100010 (refert), 171.

1110000, 188.

111000, 188.

11111, 000. 10, basa, 181,111,-118,
191, 131.

1111011 pretio, 313.

11110110, 383, sti.

 

